AX = [0.231326528635742 + 0.00150879592552507i,0.234474858373328 + 0.00152933047946618i,0.237666036547689 + 0.00155014450652782i,0.240900646321545 + 0.00157124181030979i,0.244179278794399 + 0.00159262624617847i,0.247502533110557 + 0.00161430172197139i,0.250871016568617 + 0.00163627219871131i,0.254285344732444 + 0.00165854169133012i,0.257746141543665 + 0.00168111426940249i,0.261254039435686 + 0.00170399405788959i,0.264809679449267 + 0.00172718523789286i,0.268413711349661 + 0.00175069204741811i,0.272066793745362 + 0.00177451878214995i,0.275769594208456 + 0.00179866979623681i,0.279522789396611 + 0.00182314950308664i,0.283327065176741 + 0.00184796237617337i,0.287183116750330 + 0.00187311294985447i,0.291091648780486 + 0.00189860582019953i,0.295053375520707 + 0.00192444564583016i,0.299069020945403 + 0.00195063714877134i,0.303139318882203 + 0.00197718511531428i,0.307265013146051 + 0.00200409439689114i,0.311446857675135 + 0.00203136991096154i,0.315685616668663 + 0.00205901664191123i,0.319982064726512 + 0.00208703964196291i,0.324336986990784 + 0.00211544403209949i,0.328751179289282 + 0.00214423500299996i,0.333225448280941 + 0.00217341781598786i,0.337760611603238 + 0.00220299780399282i,0.342357498021614 + 0.00223298037252506i,0.347016947580917 + 0.00226337100066325i,0.351739811758920 + 0.00229417524205572i,0.356526953621915 + 0.00232539872593539i,0.361379247982438 + 0.00235704715814843i,0.366297581559134 + 0.00238912632219699i,0.371282853138790 + 0.00242164208029608i,0.376335973740593 + 0.00245460037444483i,0.381457866782599 + 0.00248800722751235i,0.386649468250491 + 0.00252186874433838i,0.391911726868618 + 0.00255619111284888i,0.397245604273366 + 0.00259098060518681i,0.402652075188894 + 0.00262624357885838i,0.408132127605252 + 0.00266198647789477i,0.413686762958930 + 0.00269821583402972i,0.419316996315866 + 0.00273493826789323i,0.425023856556938 + 0.00277216049022134i,0.430808386565983 + 0.00280988930308252i,0.436671643420379 + 0.00284813160112068i,0.442614698584215 + 0.00288689437281508i,0.448638638104094 + 0.00292618470175748i,0.454744562807599 + 0.00296600976794658i,0.460933588504462 + 0.00300637684910008i,0.467206846190466 + 0.00304729332198468i,0.473565482254129 + 0.00308876666376407i,0.480010658686195 + 0.00313080445336539i,0.486543553291983 + 0.00317341437286415i,0.493165359906614 + 0.00321660420888811i,0.499877288613183 + 0.00326038185404023i,0.506680565963888 + 0.00330475530834094i,0.513576435204173 + 0.00334973268069013i,0.520566156499920 + 0.00339532219034894i,0.527651007167741 + 0.00344153216844183i,0.534832281908387 + 0.00348837105947895i,0.542111293043356 + 0.00353584742289936i,0.549489370754698 + 0.00358396993463518i,0.556967863328105 + 0.00363274738869706i,0.564548137399293 + 0.00368218869878123i,0.572231578203749 + 0.00373230289989834i,0.580019589829867 + 0.00378309915002464i,0.587913595475536 + 0.00383458673177542i,0.595915037708222 + 0.00388677505410144i,0.604025378728580 + 0.00393967365400826i,0.612246100637662 + 0.00399329219829908i,0.620578705707761 + 0.00404764048534129i,0.629024716656937 + 0.00410272844685704i,0.637585676927283 + 0.00415856614973814i,0.646263150966976 + 0.00421516379788577i,0.655058724516170 + 0.00427253173407513i,0.663974004896773 + 0.00433068044184547i,0.673010621306179 + 0.00438962054741596i,0.682170225114983 + 0.00444936282162744i,0.691454490168763 + 0.00450991818191081i,0.700865113093960 + 0.00457129769428203i,0.710403813607919 + 0.00463351257536438i,0.720072334833162 + 0.00469657419443821i,0.729872443615920 + 0.00476049407551857i,0.739805930849020 + 0.00482528389946114i,0.749874611799149 + 0.00489095550609684i,0.760080326438587 + 0.00495752089639542i,0.770424939781438 + 0.00502499223465859i,0.780910342224454 + 0.00509338185074289i,0.791538449892490 + 0.00516270224231296i,0.802311204988656 + 0.00523296607712530i,0.813230576149245 + 0.00530418619534328i,0.824298558803480 + 0.00537637561188352i,0.835517175538168 + 0.00544954751879428i,0.846888476467309 + 0.00552371528766624i,0.858414539606739 + 0.00559889247207599i,0.870097471253873 + 0.00567509281006290i,0.881939406372609 + 0.00575233022663960i,0.893942508983481 + 0.00583061883633668i,0.906108972559116 + 0.00590997294578201i,0.918441020425071 + 0.00599040705631514i,0.930940906166132 + 0.00607193586663736i,0.943610914038135 + 0.00615457427549772i,0.956453359385400 + 0.00623833738441569i,0.969470589063837 + 0.00632324050044082i,0.982664981869820 + 0.00640929913894999i,0.996038948974892 + 0.00649652902648275i,1.00959493436639 + 0.00658494610361519i,1.02333541529405 + 0.00667456652787296i,1.03726290272273 + 0.00676540667668394i,1.05137994179126 + 0.00685748315037108i,1.06568911227751 + 0.00695081277518598i,1.08019302906990 + 0.00704541260638376i,1.09489434264518 + 0.00714129993133977i,1.10979573955280 + 0.00723849227270872i,1.12489994290590 + 0.00733700739162678i,1.14020971287887 + 0.00743686329095737i,1.15572784721180 + 0.00753807821858096i,1.17145718172174 + 0.00764067067072975i,1.18740059082088 + 0.00774465939536772i,1.20356098804188 + 0.00785006339561667i,1.21994132657026 + 0.00795690193322888i,1.23654459978412 + 0.00806519453210709i,1.25337384180107 + 0.00817496098187227i,1.27043212803277 + 0.00828622134148005i,1.28772257574691 + 0.00839899594288637i,1.30524834463686 + 0.00851330539476290i,1.32301263739909 + 0.00862917058626320i,1.34101870031842 + 0.00874661269084004i,1.35926982386127 + 0.00886565317011459i,1.37776934327699 + 0.00898631377779849i,1.39652063920726 + 0.00910861656366907i,1.41552713830401 + 0.00923258387759881i,1.43479231385549 + 0.00935823837363965i,1.45431968642107 + 0.00948560301416275i,1.47411282447453 + 0.00961470107405475i,1.49417534505624 + 0.00974555614497102i,1.51451091443408 + 0.00987819213964692i,1.53512324877348 + 0.0100126332962676i,1.55601611481645 + 0.0101489041828974i,1.57719333057001 + 0.0102870297019693i,1.59865876600381 + 0.0104270350948361i,1.62041634375741 + 0.0105689459463823i,1.64247003985706 + 0.0107127881897003i,1.66482388444235 + 0.0108585881108291i,1.68748196250259 + 0.0110063723535579i,1.71044841462340 + 0.0111561679242951i,1.73372743774333 + 0.0113080021970035i,1.75732328592083 + 0.0114619029182025i,1.78124027111161 + 0.0116178982120390i,1.80548276395668 + 0.0117760165854263i,1.83005519458099 + 0.0119362869332539i,1.85496205340303 + 0.0120987385436677i,1.88020789195541 + 0.0122634011034223i,1.90579732371665 + 0.0124303047033058i,1.93173502495418 + 0.0125994798436387i,1.95802573557897 + 0.0127709574398477i,1.98467426001167 + 0.0129447688281154i,2.01168546806060 + 0.0131209457711062i,2.03906429581164 + 0.0132995204637714i,2.06681574653030 + 0.0134805255392319i,2.09494489157599 + 0.0136639940747420i,2.12345687132882 + 0.0138499595977342i,2.15235689612888 + 0.0140384560919455i,2.18165024722849 + 0.0142295180036282i,2.21134227775723 + 0.0144231802478444i,2.24143841370023 + 0.0146194782148465i,2.27194415488970 + 0.0148184477765446i,2.30286507600998 + 0.0150201252930616i,2.33420682761629 + 0.0152245476193779i,2.36597513716729 + 0.0154317521120665i,2.39817581007179 + 0.0156417766361192i,2.43081473074957 + 0.0158546595718663i,2.46389786370676 + 0.0160704398219906i,2.49743125462578 + 0.0162891568186362i,2.53142103147017 + 0.0165108505306145i,2.56587340560438 + 0.0167355614707083i,2.60079467292891 + 0.0169633307030750i,2.63619121503080 + 0.0171941998507511i,2.67206950034978 + 0.0174282111032580i,2.70843608536042 + 0.0176654072243121i,2.74529761577018 + 0.0179058315596396i,2.78266082773392 + 0.0181495280448974i,2.82053254908485 + 0.0183965412137021i,2.85891970058227 + 0.0186469162057680i,2.89782929717630 + 0.0189006987751565i,2.93726844928977 + 0.0191579352986366i,2.97724436411766 + 0.0194186727841604i,3.01776434694406 + 0.0196829588794534i,3.05883580247725 + 0.0199508418807215i,3.10046623620280 + 0.0202223707414768i,3.14266325575514 + 0.0204975950814838i,3.18543457230783 + 0.0207765651958266i,3.22878800198265 + 0.0210593320641001i,3.27273146727802 + 0.0213459473597263i,3.31727299851670 + 0.0216364634593967i,3.36242073531331 + 